time,TIN,X0Y0_Delta16,X0Y1_Delta16,X0Y2_Delta16,X0Y3_Delta16,X0Y4_Delta16,X0Y5_Delta16,X0Y6_Delta16,X0Y7_Delta16,X0Y8_Delta16,X0Y9_Delta16,X0Y10_Delta16,X0Y11_Delta16,X0Y12_Delta16,X0Y13_Delta16,X0Y14_Delta16,X0Y15_Delta16,X0Y16_Delta16,X0Y17_Delta16,X0Y18_Delta16,X0Y19_Delta16,X0Y20_Delta16,X0Y21_Delta16,X0Y22_Delta16,X0Y23_Delta16,X0Y24_Delta16,X0Y25_Delta16,X0Y26_Delta16,X0Y27_Delta16,X0Y28_Delta16,X0Y29_Delta16,X0Y30_Delta16,X0Y31_Delta16,X0Y32_Delta16,X0Y33_Delta16,X0Y34_Delta16,X0Y35_Delta16,X0Y36_Delta16,X0Y37_Delta16,X0Y38_Delta16,X0Y39_Delta16,X0Y40_Delta16,X0Y41_Delta16,X0Y42_Delta16,X0Y43_Delta16,X0Y44_Delta16,X0Y45_Delta16,X0Y46_Delta16,X0Y47_Delta16,X0Y48_Delta16,X0Y49_Delta16,X0Y50_Delta16,X0Y51_Delta16,X1Y0_Delta16,X1Y1_Delta16,X1Y2_Delta16,X1Y3_Delta16,X1Y4_Delta16,X1Y5_Delta16,X1Y6_Delta16,X1Y7_Delta16,X1Y8_Delta16,X1Y9_Delta16,X1Y10_Delta16,X1Y11_Delta16,X1Y12_Delta16,X1Y13_Delta16,X1Y14_Delta16,X1Y15_Delta16,X1Y16_Delta16,X1Y17_Delta16,X1Y18_Delta16,X1Y19_Delta16,X1Y20_Delta16,X1Y21_Delta16,X1Y22_Delta16,X1Y23_Delta16,X1Y24_Delta16,X1Y25_Delta16,X1Y26_Delta16,X1Y27_Delta16,X1Y28_Delta16,X1Y29_Delta16,X1Y30_Delta16,X1Y31_Delta16,X1Y32_Delta16,X1Y33_Delta16,X1Y34_Delta16,X1Y35_Delta16,X1Y36_Delta16,X1Y37_Delta16,X1Y38_Delta16,X1Y39_Delta16,X1Y40_Delta16,X1Y41_Delta16,X1Y42_Delta16,X1Y43_Delta16,X1Y44_Delta16,X1Y45_Delta16,X1Y46_Delta16,X1Y47_Delta16,X1Y48_Delta16,X1Y49_Delta16,X1Y50_Delta16,X1Y51_Delta16,X2Y0_Delta16,X2Y1_Delta16,X2Y2_Delta16,X2Y3_Delta16,X2Y4_Delta16,X2Y5_Delta16,X2Y6_Delta16,X2Y7_Delta16,X2Y8_Delta16,X2Y9_Delta16,X2Y10_Delta16,X2Y11_Delta16,X2Y12_Delta16,X2Y13_Delta16,X2Y14_Delta16,X2Y15_Delta16,X2Y16_Delta16,X2Y17_Delta16,X2Y18_Delta16,X2Y19_Delta16,X2Y20_Delta16,X2Y21_Delta16,X2Y22_Delta16,X2Y23_Delta16,X2Y24_Delta16,X2Y25_Delta16,X2Y26_Delta16,X2Y27_Delta16,X2Y28_Delta16,X2Y29_Delta16,X2Y30_Delta16,X2Y31_Delta16,X2Y32_Delta16,X2Y33_Delta16,X2Y34_Delta16,X2Y35_Delta16,X2Y36_Delta16,X2Y37_Delta16,X2Y38_Delta16,X2Y39_Delta16,X2Y40_Delta16,X2Y41_Delta16,X2Y42_Delta16,X2Y43_Delta16,X2Y44_Delta16,X2Y45_Delta16,X2Y46_Delta16,X2Y47_Delta16,X2Y48_Delta16,X2Y49_Delta16,X2Y50_Delta16,X2Y51_Delta16,X3Y0_Delta16,X3Y1_Delta16,X3Y2_Delta16,X3Y3_Delta16,X3Y4_Delta16,X3Y5_Delta16,X3Y6_Delta16,X3Y7_Delta16,X3Y8_Delta16,X3Y9_Delta16,X3Y10_Delta16,X3Y11_Delta16,X3Y12_Delta16,X3Y13_Delta16,X3Y14_Delta16,X3Y15_Delta16,X3Y16_Delta16,X3Y17_Delta16,X3Y18_Delta16,X3Y19_Delta16,X3Y20_Delta16,X3Y21_Delta16,X3Y22_Delta16,X3Y23_Delta16,X3Y24_Delta16,X3Y25_Delta16,X3Y26_Delta16,X3Y27_Delta16,X3Y28_Delta16,X3Y29_Delta16,X3Y30_Delta16,X3Y31_Delta16,X3Y32_Delta16,X3Y33_Delta16,X3Y34_Delta16,X3Y35_Delta16,X3Y36_Delta16,X3Y37_Delta16,X3Y38_Delta16,X3Y39_Delta16,X3Y40_Delta16,X3Y41_Delta16,X3Y42_Delta16,X3Y43_Delta16,X3Y44_Delta16,X3Y45_Delta16,X3Y46_Delta16,X3Y47_Delta16,X3Y48_Delta16,X3Y49_Delta16,X3Y50_Delta16,X3Y51_Delta16,X4Y0_Delta16,X4Y1_Delta16,X4Y2_Delta16,X4Y3_Delta16,X4Y4_Delta16,X4Y5_Delta16,X4Y6_Delta16,X4Y7_Delta16,X4Y8_Delta16,X4Y9_Delta16,X4Y10_Delta16,X4Y11_Delta16,X4Y12_Delta16,X4Y13_Delta16,X4Y14_Delta16,X4Y15_Delta16,X4Y16_Delta16,X4Y17_Delta16,X4Y18_Delta16,X4Y19_Delta16,X4Y20_Delta16,X4Y21_Delta16,X4Y22_Delta16,X4Y23_Delta16,X4Y24_Delta16,X4Y25_Delta16,X4Y26_Delta16,X4Y27_Delta16,X4Y28_Delta16,X4Y29_Delta16,X4Y30_Delta16,X4Y31_Delta16,X4Y32_Delta16,X4Y33_Delta16,X4Y34_Delta16,X4Y35_Delta16,X4Y36_Delta16,X4Y37_Delta16,X4Y38_Delta16,X4Y39_Delta16,X4Y40_Delta16,X4Y41_Delta16,X4Y42_Delta16,X4Y43_Delta16,X4Y44_Delta16,X4Y45_Delta16,X4Y46_Delta16,X4Y47_Delta16,X4Y48_Delta16,X4Y49_Delta16,X4Y50_Delta16,X4Y51_Delta16,X5Y0_Delta16,X5Y1_Delta16,X5Y2_Delta16,X5Y3_Delta16,X5Y4_Delta16,X5Y5_Delta16,X5Y6_Delta16,X5Y7_Delta16,X5Y8_Delta16,X5Y9_Delta16,X5Y10_Delta16,X5Y11_Delta16,X5Y12_Delta16,X5Y13_Delta16,X5Y14_Delta16,X5Y15_Delta16,X5Y16_Delta16,X5Y17_Delta16,X5Y18_Delta16,X5Y19_Delta16,X5Y20_Delta16,X5Y21_Delta16,X5Y22_Delta16,X5Y23_Delta16,X5Y24_Delta16,X5Y25_Delta16,X5Y26_Delta16,X5Y27_Delta16,X5Y28_Delta16,X5Y29_Delta16,X5Y30_Delta16,X5Y31_Delta16,X5Y32_Delta16,X5Y33_Delta16,X5Y34_Delta16,X5Y35_Delta16,X5Y36_Delta16,X5Y37_Delta16,X5Y38_Delta16,X5Y39_Delta16,X5Y40_Delta16,X5Y41_Delta16,X5Y42_Delta16,X5Y43_Delta16,X5Y44_Delta16,X5Y45_Delta16,X5Y46_Delta16,X5Y47_Delta16,X5Y48_Delta16,X5Y49_Delta16,X5Y50_Delta16,X5Y51_Delta16,X6Y0_Delta16,X6Y1_Delta16,X6Y2_Delta16,X6Y3_Delta16,X6Y4_Delta16,X6Y5_Delta16,X6Y6_Delta16,X6Y7_Delta16,X6Y8_Delta16,X6Y9_Delta16,X6Y10_Delta16,X6Y11_Delta16,X6Y12_Delta16,X6Y13_Delta16,X6Y14_Delta16,X6Y15_Delta16,X6Y16_Delta16,X6Y17_Delta16,X6Y18_Delta16,X6Y19_Delta16,X6Y20_Delta16,X6Y21_Delta16,X6Y22_Delta16,X6Y23_Delta16,X6Y24_Delta16,X6Y25_Delta16,X6Y26_Delta16,X6Y27_Delta16,X6Y28_Delta16,X6Y29_Delta16,X6Y30_Delta16,X6Y31_Delta16,X6Y32_Delta16,X6Y33_Delta16,X6Y34_Delta16,X6Y35_Delta16,X6Y36_Delta16,X6Y37_Delta16,X6Y38_Delta16,X6Y39_Delta16,X6Y40_Delta16,X6Y41_Delta16,X6Y42_Delta16,X6Y43_Delta16,X6Y44_Delta16,X6Y45_Delta16,X6Y46_Delta16,X6Y47_Delta16,X6Y48_Delta16,X6Y49_Delta16,X6Y50_Delta16,X6Y51_Delta16,X7Y0_Delta16,X7Y1_Delta16,X7Y2_Delta16,X7Y3_Delta16,X7Y4_Delta16,X7Y5_Delta16,X7Y6_Delta16,X7Y7_Delta16,X7Y8_Delta16,X7Y9_Delta16,X7Y10_Delta16,X7Y11_Delta16,X7Y12_Delta16,X7Y13_Delta16,X7Y14_Delta16,X7Y15_Delta16,X7Y16_Delta16,X7Y17_Delta16,X7Y18_Delta16,X7Y19_Delta16,X7Y20_Delta16,X7Y21_Delta16,X7Y22_Delta16,X7Y23_Delta16,X7Y24_Delta16,X7Y25_Delta16,X7Y26_Delta16,X7Y27_Delta16,X7Y28_Delta16,X7Y29_Delta16,X7Y30_Delta16,X7Y31_Delta16,X7Y32_Delta16,X7Y33_Delta16,X7Y34_Delta16,X7Y35_Delta16,X7Y36_Delta16,X7Y37_Delta16,X7Y38_Delta16,X7Y39_Delta16,X7Y40_Delta16,X7Y41_Delta16,X7Y42_Delta16,X7Y43_Delta16,X7Y44_Delta16,X7Y45_Delta16,X7Y46_Delta16,X7Y47_Delta16,X7Y48_Delta16,X7Y49_Delta16,X7Y50_Delta16,X7Y51_Delta16,X8Y0_Delta16,X8Y1_Delta16,X8Y2_Delta16,X8Y3_Delta16,X8Y4_Delta16,X8Y5_Delta16,X8Y6_Delta16,X8Y7_Delta16,X8Y8_Delta16,X8Y9_Delta16,X8Y10_Delta16,X8Y11_Delta16,X8Y12_Delta16,X8Y13_Delta16,X8Y14_Delta16,X8Y15_Delta16,X8Y16_Delta16,X8Y17_Delta16,X8Y18_Delta16,X8Y19_Delta16,X8Y20_Delta16,X8Y21_Delta16,X8Y22_Delta16,X8Y23_Delta16,X8Y24_Delta16,X8Y25_Delta16,X8Y26_Delta16,X8Y27_Delta16,X8Y28_Delta16,X8Y29_Delta16,X8Y30_Delta16,X8Y31_Delta16,X8Y32_Delta16,X8Y33_Delta16,X8Y34_Delta16,X8Y35_Delta16,X8Y36_Delta16,X8Y37_Delta16,X8Y38_Delta16,X8Y39_Delta16,X8Y40_Delta16,X8Y41_Delta16,X8Y42_Delta16,X8Y43_Delta16,X8Y44_Delta16,X8Y45_Delta16,X8Y46_Delta16,X8Y47_Delta16,X8Y48_Delta16,X8Y49_Delta16,X8Y50_Delta16,X8Y51_Delta16,X9Y0_Delta16,X9Y1_Delta16,X9Y2_Delta16,X9Y3_Delta16,X9Y4_Delta16,X9Y5_Delta16,X9Y6_Delta16,X9Y7_Delta16,X9Y8_Delta16,X9Y9_Delta16,X9Y10_Delta16,X9Y11_Delta16,X9Y12_Delta16,X9Y13_Delta16,X9Y14_Delta16,X9Y15_Delta16,X9Y16_Delta16,X9Y17_Delta16,X9Y18_Delta16,X9Y19_Delta16,X9Y20_Delta16,X9Y21_Delta16,X9Y22_Delta16,X9Y23_Delta16,X9Y24_Delta16,X9Y25_Delta16,X9Y26_Delta16,X9Y27_Delta16,X9Y28_Delta16,X9Y29_Delta16,X9Y30_Delta16,X9Y31_Delta16,X9Y32_Delta16,X9Y33_Delta16,X9Y34_Delta16,X9Y35_Delta16,X9Y36_Delta16,X9Y37_Delta16,X9Y38_Delta16,X9Y39_Delta16,X9Y40_Delta16,X9Y41_Delta16,X9Y42_Delta16,X9Y43_Delta16,X9Y44_Delta16,X9Y45_Delta16,X9Y46_Delta16,X9Y47_Delta16,X9Y48_Delta16,X9Y49_Delta16,X9Y50_Delta16,X9Y51_Delta16,X10Y0_Delta16,X10Y1_Delta16,X10Y2_Delta16,X10Y3_Delta16,X10Y4_Delta16,X10Y5_Delta16,X10Y6_Delta16,X10Y7_Delta16,X10Y8_Delta16,X10Y9_Delta16,X10Y10_Delta16,X10Y11_Delta16,X10Y12_Delta16,X10Y13_Delta16,X10Y14_Delta16,X10Y15_Delta16,X10Y16_Delta16,X10Y17_Delta16,X10Y18_Delta16,X10Y19_Delta16,X10Y20_Delta16,X10Y21_Delta16,X10Y22_Delta16,X10Y23_Delta16,X10Y24_Delta16,X10Y25_Delta16,X10Y26_Delta16,X10Y27_Delta16,X10Y28_Delta16,X10Y29_Delta16,X10Y30_Delta16,X10Y31_Delta16,X10Y32_Delta16,X10Y33_Delta16,X10Y34_Delta16,X10Y35_Delta16,X10Y36_Delta16,X10Y37_Delta16,X10Y38_Delta16,X10Y39_Delta16,X10Y40_Delta16,X10Y41_Delta16,X10Y42_Delta16,X10Y43_Delta16,X10Y44_Delta16,X10Y45_Delta16,X10Y46_Delta16,X10Y47_Delta16,X10Y48_Delta16,X10Y49_Delta16,X10Y50_Delta16,X10Y51_Delta16,X11Y0_Delta16,X11Y1_Delta16,X11Y2_Delta16,X11Y3_Delta16,X11Y4_Delta16,X11Y5_Delta16,X11Y6_Delta16,X11Y7_Delta16,X11Y8_Delta16,X11Y9_Delta16,X11Y10_Delta16,X11Y11_Delta16,X11Y12_Delta16,X11Y13_Delta16,X11Y14_Delta16,X11Y15_Delta16,X11Y16_Delta16,X11Y17_Delta16,X11Y18_Delta16,X11Y19_Delta16,X11Y20_Delta16,X11Y21_Delta16,X11Y22_Delta16,X11Y23_Delta16,X11Y24_Delta16,X11Y25_Delta16,X11Y26_Delta16,X11Y27_Delta16,X11Y28_Delta16,X11Y29_Delta16,X11Y30_Delta16,X11Y31_Delta16,X11Y32_Delta16,X11Y33_Delta16,X11Y34_Delta16,X11Y35_Delta16,X11Y36_Delta16,X11Y37_Delta16,X11Y38_Delta16,X11Y39_Delta16,X11Y40_Delta16,X11Y41_Delta16,X11Y42_Delta16,X11Y43_Delta16,X11Y44_Delta16,X11Y45_Delta16,X11Y46_Delta16,X11Y47_Delta16,X11Y48_Delta16,X11Y49_Delta16,X11Y50_Delta16,X11Y51_Delta16,X12Y0_Delta16,X12Y1_Delta16,X12Y2_Delta16,X12Y3_Delta16,X12Y4_Delta16,X12Y5_Delta16,X12Y6_Delta16,X12Y7_Delta16,X12Y8_Delta16,X12Y9_Delta16,X12Y10_Delta16,X12Y11_Delta16,X12Y12_Delta16,X12Y13_Delta16,X12Y14_Delta16,X12Y15_Delta16,X12Y16_Delta16,X12Y17_Delta16,X12Y18_Delta16,X12Y19_Delta16,X12Y20_Delta16,X12Y21_Delta16,X12Y22_Delta16,X12Y23_Delta16,X12Y24_Delta16,X12Y25_Delta16,X12Y26_Delta16,X12Y27_Delta16,X12Y28_Delta16,X12Y29_Delta16,X12Y30_Delta16,X12Y31_Delta16,X12Y32_Delta16,X12Y33_Delta16,X12Y34_Delta16,X12Y35_Delta16,X12Y36_Delta16,X12Y37_Delta16,X12Y38_Delta16,X12Y39_Delta16,X12Y40_Delta16,X12Y41_Delta16,X12Y42_Delta16,X12Y43_Delta16,X12Y44_Delta16,X12Y45_Delta16,X12Y46_Delta16,X12Y47_Delta16,X12Y48_Delta16,X12Y49_Delta16,X12Y50_Delta16,X12Y51_Delta16,X13Y0_Delta16,X13Y1_Delta16,X13Y2_Delta16,X13Y3_Delta16,X13Y4_Delta16,X13Y5_Delta16,X13Y6_Delta16,X13Y7_Delta16,X13Y8_Delta16,X13Y9_Delta16,X13Y10_Delta16,X13Y11_Delta16,X13Y12_Delta16,X13Y13_Delta16,X13Y14_Delta16,X13Y15_Delta16,X13Y16_Delta16,X13Y17_Delta16,X13Y18_Delta16,X13Y19_Delta16,X13Y20_Delta16,X13Y21_Delta16,X13Y22_Delta16,X13Y23_Delta16,X13Y24_Delta16,X13Y25_Delta16,X13Y26_Delta16,X13Y27_Delta16,X13Y28_Delta16,X13Y29_Delta16,X13Y30_Delta16,X13Y31_Delta16,X13Y32_Delta16,X13Y33_Delta16,X13Y34_Delta16,X13Y35_Delta16,X13Y36_Delta16,X13Y37_Delta16,X13Y38_Delta16,X13Y39_Delta16,X13Y40_Delta16,X13Y41_Delta16,X13Y42_Delta16,X13Y43_Delta16,X13Y44_Delta16,X13Y45_Delta16,X13Y46_Delta16,X13Y47_Delta16,X13Y48_Delta16,X13Y49_Delta16,X13Y50_Delta16,X13Y51_Delta16,X14Y0_Delta16,X14Y1_Delta16,X14Y2_Delta16,X14Y3_Delta16,X14Y4_Delta16,X14Y5_Delta16,X14Y6_Delta16,X14Y7_Delta16,X14Y8_Delta16,X14Y9_Delta16,X14Y10_Delta16,X14Y11_Delta16,X14Y12_Delta16,X14Y13_Delta16,X14Y14_Delta16,X14Y15_Delta16,X14Y16_Delta16,X14Y17_Delta16,X14Y18_Delta16,X14Y19_Delta16,X14Y20_Delta16,X14Y21_Delta16,X14Y22_Delta16,X14Y23_Delta16,X14Y24_Delta16,X14Y25_Delta16,X14Y26_Delta16,X14Y27_Delta16,X14Y28_Delta16,X14Y29_Delta16,X14Y30_Delta16,X14Y31_Delta16,X14Y32_Delta16,X14Y33_Delta16,X14Y34_Delta16,X14Y35_Delta16,X14Y36_Delta16,X14Y37_Delta16,X14Y38_Delta16,X14Y39_Delta16,X14Y40_Delta16,X14Y41_Delta16,X14Y42_Delta16,X14Y43_Delta16,X14Y44_Delta16,X14Y45_Delta16,X14Y46_Delta16,X14Y47_Delta16,X14Y48_Delta16,X14Y49_Delta16,X14Y50_Delta16,X14Y51_Delta16,X15Y0_Delta16,X15Y1_Delta16,X15Y2_Delta16,X15Y3_Delta16,X15Y4_Delta16,X15Y5_Delta16,X15Y6_Delta16,X15Y7_Delta16,X15Y8_Delta16,X15Y9_Delta16,X15Y10_Delta16,X15Y11_Delta16,X15Y12_Delta16,X15Y13_Delta16,X15Y14_Delta16,X15Y15_Delta16,X15Y16_Delta16,X15Y17_Delta16,X15Y18_Delta16,X15Y19_Delta16,X15Y20_Delta16,X15Y21_Delta16,X15Y22_Delta16,X15Y23_Delta16,X15Y24_Delta16,X15Y25_Delta16,X15Y26_Delta16,X15Y27_Delta16,X15Y28_Delta16,X15Y29_Delta16,X15Y30_Delta16,X15Y31_Delta16,X15Y32_Delta16,X15Y33_Delta16,X15Y34_Delta16,X15Y35_Delta16,X15Y36_Delta16,X15Y37_Delta16,X15Y38_Delta16,X15Y39_Delta16,X15Y40_Delta16,X15Y41_Delta16,X15Y42_Delta16,X15Y43_Delta16,X15Y44_Delta16,X15Y45_Delta16,X15Y46_Delta16,X15Y47_Delta16,X15Y48_Delta16,X15Y49_Delta16,X15Y50_Delta16,X15Y51_Delta16,X16Y0_Delta16,X16Y1_Delta16,X16Y2_Delta16,X16Y3_Delta16,X16Y4_Delta16,X16Y5_Delta16,X16Y6_Delta16,X16Y7_Delta16,X16Y8_Delta16,X16Y9_Delta16,X16Y10_Delta16,X16Y11_Delta16,X16Y12_Delta16,X16Y13_Delta16,X16Y14_Delta16,X16Y15_Delta16,X16Y16_Delta16,X16Y17_Delta16,X16Y18_Delta16,X16Y19_Delta16,X16Y20_Delta16,X16Y21_Delta16,X16Y22_Delta16,X16Y23_Delta16,X16Y24_Delta16,X16Y25_Delta16,X16Y26_Delta16,X16Y27_Delta16,X16Y28_Delta16,X16Y29_Delta16,X16Y30_Delta16,X16Y31_Delta16,X16Y32_Delta16,X16Y33_Delta16,X16Y34_Delta16,X16Y35_Delta16,X16Y36_Delta16,X16Y37_Delta16,X16Y38_Delta16,X16Y39_Delta16,X16Y40_Delta16,X16Y41_Delta16,X16Y42_Delta16,X16Y43_Delta16,X16Y44_Delta16,X16Y45_Delta16,X16Y46_Delta16,X16Y47_Delta16,X16Y48_Delta16,X16Y49_Delta16,X16Y50_Delta16,X16Y51_Delta16,X17Y0_Delta16,X17Y1_Delta16,X17Y2_Delta16,X17Y3_Delta16,X17Y4_Delta16,X17Y5_Delta16,X17Y6_Delta16,X17Y7_Delta16,X17Y8_Delta16,X17Y9_Delta16,X17Y10_Delta16,X17Y11_Delta16,X17Y12_Delta16,X17Y13_Delta16,X17Y14_Delta16,X17Y15_Delta16,X17Y16_Delta16,X17Y17_Delta16,X17Y18_Delta16,X17Y19_Delta16,X17Y20_Delta16,X17Y21_Delta16,X17Y22_Delta16,X17Y23_Delta16,X17Y24_Delta16,X17Y25_Delta16,X17Y26_Delta16,X17Y27_Delta16,X17Y28_Delta16,X17Y29_Delta16,X17Y30_Delta16,X17Y31_Delta16,X17Y32_Delta16,X17Y33_Delta16,X17Y34_Delta16,X17Y35_Delta16,X17Y36_Delta16,X17Y37_Delta16,X17Y38_Delta16,X17Y39_Delta16,X17Y40_Delta16,X17Y41_Delta16,X17Y42_Delta16,X17Y43_Delta16,X17Y44_Delta16,X17Y45_Delta16,X17Y46_Delta16,X17Y47_Delta16,X17Y48_Delta16,X17Y49_Delta16,X17Y50_Delta16,X17Y51_Delta16,X18Y0_Delta16,X18Y1_Delta16,X18Y2_Delta16,X18Y3_Delta16,X18Y4_Delta16,X18Y5_Delta16,X18Y6_Delta16,X18Y7_Delta16,X18Y8_Delta16,X18Y9_Delta16,X18Y10_Delta16,X18Y11_Delta16,X18Y12_Delta16,X18Y13_Delta16,X18Y14_Delta16,X18Y15_Delta16,X18Y16_Delta16,X18Y17_Delta16,X18Y18_Delta16,X18Y19_Delta16,X18Y20_Delta16,X18Y21_Delta16,X18Y22_Delta16,X18Y23_Delta16,X18Y24_Delta16,X18Y25_Delta16,X18Y26_Delta16,X18Y27_Delta16,X18Y28_Delta16,X18Y29_Delta16,X18Y30_Delta16,X18Y31_Delta16,X18Y32_Delta16,X18Y33_Delta16,X18Y34_Delta16,X18Y35_Delta16,X18Y36_Delta16,X18Y37_Delta16,X18Y38_Delta16,X18Y39_Delta16,X18Y40_Delta16,X18Y41_Delta16,X18Y42_Delta16,X18Y43_Delta16,X18Y44_Delta16,X18Y45_Delta16,X18Y46_Delta16,X18Y47_Delta16,X18Y48_Delta16,X18Y49_Delta16,X18Y50_Delta16,X18Y51_Delta16,X19Y0_Delta16,X19Y1_Delta16,X19Y2_Delta16,X19Y3_Delta16,X19Y4_Delta16,X19Y5_Delta16,X19Y6_Delta16,X19Y7_Delta16,X19Y8_Delta16,X19Y9_Delta16,X19Y10_Delta16,X19Y11_Delta16,X19Y12_Delta16,X19Y13_Delta16,X19Y14_Delta16,X19Y15_Delta16,X19Y16_Delta16,X19Y17_Delta16,X19Y18_Delta16,X19Y19_Delta16,X19Y20_Delta16,X19Y21_Delta16,X19Y22_Delta16,X19Y23_Delta16,X19Y24_Delta16,X19Y25_Delta16,X19Y26_Delta16,X19Y27_Delta16,X19Y28_Delta16,X19Y29_Delta16,X19Y30_Delta16,X19Y31_Delta16,X19Y32_Delta16,X19Y33_Delta16,X19Y34_Delta16,X19Y35_Delta16,X19Y36_Delta16,X19Y37_Delta16,X19Y38_Delta16,X19Y39_Delta16,X19Y40_Delta16,X19Y41_Delta16,X19Y42_Delta16,X19Y43_Delta16,X19Y44_Delta16,X19Y45_Delta16,X19Y46_Delta16,X19Y47_Delta16,X19Y48_Delta16,X19Y49_Delta16,X19Y50_Delta16,X19Y51_Delta16,X20Y0_Delta16,X20Y1_Delta16,X20Y2_Delta16,X20Y3_Delta16,X20Y4_Delta16,X20Y5_Delta16,X20Y6_Delta16,X20Y7_Delta16,X20Y8_Delta16,X20Y9_Delta16,X20Y10_Delta16,X20Y11_Delta16,X20Y12_Delta16,X20Y13_Delta16,X20Y14_Delta16,X20Y15_Delta16,X20Y16_Delta16,X20Y17_Delta16,X20Y18_Delta16,X20Y19_Delta16,X20Y20_Delta16,X20Y21_Delta16,X20Y22_Delta16,X20Y23_Delta16,X20Y24_Delta16,X20Y25_Delta16,X20Y26_Delta16,X20Y27_Delta16,X20Y28_Delta16,X20Y29_Delta16,X20Y30_Delta16,X20Y31_Delta16,X20Y32_Delta16,X20Y33_Delta16,X20Y34_Delta16,X20Y35_Delta16,X20Y36_Delta16,X20Y37_Delta16,X20Y38_Delta16,X20Y39_Delta16,X20Y40_Delta16,X20Y41_Delta16,X20Y42_Delta16,X20Y43_Delta16,X20Y44_Delta16,X20Y45_Delta16,X20Y46_Delta16,X20Y47_Delta16,X20Y48_Delta16,X20Y49_Delta16,X20Y50_Delta16,X20Y51_Delta16,X21Y0_Delta16,X21Y1_Delta16,X21Y2_Delta16,X21Y3_Delta16,X21Y4_Delta16,X21Y5_Delta16,X21Y6_Delta16,X21Y7_Delta16,X21Y8_Delta16,X21Y9_Delta16,X21Y10_Delta16,X21Y11_Delta16,X21Y12_Delta16,X21Y13_Delta16,X21Y14_Delta16,X21Y15_Delta16,X21Y16_Delta16,X21Y17_Delta16,X21Y18_Delta16,X21Y19_Delta16,X21Y20_Delta16,X21Y21_Delta16,X21Y22_Delta16,X21Y23_Delta16,X21Y24_Delta16,X21Y25_Delta16,X21Y26_Delta16,X21Y27_Delta16,X21Y28_Delta16,X21Y29_Delta16,X21Y30_Delta16,X21Y31_Delta16,X21Y32_Delta16,X21Y33_Delta16,X21Y34_Delta16,X21Y35_Delta16,X21Y36_Delta16,X21Y37_Delta16,X21Y38_Delta16,X21Y39_Delta16,X21Y40_Delta16,X21Y41_Delta16,X21Y42_Delta16,X21Y43_Delta16,X21Y44_Delta16,X21Y45_Delta16,X21Y46_Delta16,X21Y47_Delta16,X21Y48_Delta16,X21Y49_Delta16,X21Y50_Delta16,X21Y51_Delta16,X22Y0_Delta16,X22Y1_Delta16,X22Y2_Delta16,X22Y3_Delta16,X22Y4_Delta16,X22Y5_Delta16,X22Y6_Delta16,X22Y7_Delta16,X22Y8_Delta16,X22Y9_Delta16,X22Y10_Delta16,X22Y11_Delta16,X22Y12_Delta16,X22Y13_Delta16,X22Y14_Delta16,X22Y15_Delta16,X22Y16_Delta16,X22Y17_Delta16,X22Y18_Delta16,X22Y19_Delta16,X22Y20_Delta16,X22Y21_Delta16,X22Y22_Delta16,X22Y23_Delta16,X22Y24_Delta16,X22Y25_Delta16,X22Y26_Delta16,X22Y27_Delta16,X22Y28_Delta16,X22Y29_Delta16,X22Y30_Delta16,X22Y31_Delta16,X22Y32_Delta16,X22Y33_Delta16,X22Y34_Delta16,X22Y35_Delta16,X22Y36_Delta16,X22Y37_Delta16,X22Y38_Delta16,X22Y39_Delta16,X22Y40_Delta16,X22Y41_Delta16,X22Y42_Delta16,X22Y43_Delta16,X22Y44_Delta16,X22Y45_Delta16,X22Y46_Delta16,X22Y47_Delta16,X22Y48_Delta16,X22Y49_Delta16,X22Y50_Delta16,X22Y51_Delta16,X23Y0_Delta16,X23Y1_Delta16,X23Y2_Delta16,X23Y3_Delta16,X23Y4_Delta16,X23Y5_Delta16,X23Y6_Delta16,X23Y7_Delta16,X23Y8_Delta16,X23Y9_Delta16,X23Y10_Delta16,X23Y11_Delta16,X23Y12_Delta16,X23Y13_Delta16,X23Y14_Delta16,X23Y15_Delta16,X23Y16_Delta16,X23Y17_Delta16,X23Y18_Delta16,X23Y19_Delta16,X23Y20_Delta16,X23Y21_Delta16,X23Y22_Delta16,X23Y23_Delta16,X23Y24_Delta16,X23Y25_Delta16,X23Y26_Delta16,X23Y27_Delta16,X23Y28_Delta16,X23Y29_Delta16,X23Y30_Delta16,X23Y31_Delta16,X23Y32_Delta16,X23Y33_Delta16,X23Y34_Delta16,X23Y35_Delta16,X23Y36_Delta16,X23Y37_Delta16,X23Y38_Delta16,X23Y39_Delta16,X23Y40_Delta16,X23Y41_Delta16,X23Y42_Delta16,X23Y43_Delta16,X23Y44_Delta16,X23Y45_Delta16,X23Y46_Delta16,X23Y47_Delta16,X23Y48_Delta16,X23Y49_Delta16,X23Y50_Delta16,X23Y51_Delta16,X24Y0_Delta16,X24Y1_Delta16,X24Y2_Delta16,X24Y3_Delta16,X24Y4_Delta16,X24Y5_Delta16,X24Y6_Delta16,X24Y7_Delta16,X24Y8_Delta16,X24Y9_Delta16,X24Y10_Delta16,X24Y11_Delta16,X24Y12_Delta16,X24Y13_Delta16,X24Y14_Delta16,X24Y15_Delta16,X24Y16_Delta16,X24Y17_Delta16,X24Y18_Delta16,X24Y19_Delta16,X24Y20_Delta16,X24Y21_Delta16,X24Y22_Delta16,X24Y23_Delta16,X24Y24_Delta16,X24Y25_Delta16,X24Y26_Delta16,X24Y27_Delta16,X24Y28_Delta16,X24Y29_Delta16,X24Y30_Delta16,X24Y31_Delta16,X24Y32_Delta16,X24Y33_Delta16,X24Y34_Delta16,X24Y35_Delta16,X24Y36_Delta16,X24Y37_Delta16,X24Y38_Delta16,X24Y39_Delta16,X24Y40_Delta16,X24Y41_Delta16,X24Y42_Delta16,X24Y43_Delta16,X24Y44_Delta16,X24Y45_Delta16,X24Y46_Delta16,X24Y47_Delta16,X24Y48_Delta16,X24Y49_Delta16,X24Y50_Delta16,X24Y51_Delta16,X25Y0_Delta16,X25Y1_Delta16,X25Y2_Delta16,X25Y3_Delta16,X25Y4_Delta16,X25Y5_Delta16,X25Y6_Delta16,X25Y7_Delta16,X25Y8_Delta16,X25Y9_Delta16,X25Y10_Delta16,X25Y11_Delta16,X25Y12_Delta16,X25Y13_Delta16,X25Y14_Delta16,X25Y15_Delta16,X25Y16_Delta16,X25Y17_Delta16,X25Y18_Delta16,X25Y19_Delta16,X25Y20_Delta16,X25Y21_Delta16,X25Y22_Delta16,X25Y23_Delta16,X25Y24_Delta16,X25Y25_Delta16,X25Y26_Delta16,X25Y27_Delta16,X25Y28_Delta16,X25Y29_Delta16,X25Y30_Delta16,X25Y31_Delta16,X25Y32_Delta16,X25Y33_Delta16,X25Y34_Delta16,X25Y35_Delta16,X25Y36_Delta16,X25Y37_Delta16,X25Y38_Delta16,X25Y39_Delta16,X25Y40_Delta16,X25Y41_Delta16,X25Y42_Delta16,X25Y43_Delta16,X25Y44_Delta16,X25Y45_Delta16,X25Y46_Delta16,X25Y47_Delta16,X25Y48_Delta16,X25Y49_Delta16,X25Y50_Delta16,X25Y51_Delta16,X26Y0_Delta16,X26Y1_Delta16,X26Y2_Delta16,X26Y3_Delta16,X26Y4_Delta16,X26Y5_Delta16,X26Y6_Delta16,X26Y7_Delta16,X26Y8_Delta16,X26Y9_Delta16,X26Y10_Delta16,X26Y11_Delta16,X26Y12_Delta16,X26Y13_Delta16,X26Y14_Delta16,X26Y15_Delta16,X26Y16_Delta16,X26Y17_Delta16,X26Y18_Delta16,X26Y19_Delta16,X26Y20_Delta16,X26Y21_Delta16,X26Y22_Delta16,X26Y23_Delta16,X26Y24_Delta16,X26Y25_Delta16,X26Y26_Delta16,X26Y27_Delta16,X26Y28_Delta16,X26Y29_Delta16,X26Y30_Delta16,X26Y31_Delta16,X26Y32_Delta16,X26Y33_Delta16,X26Y34_Delta16,X26Y35_Delta16,X26Y36_Delta16,X26Y37_Delta16,X26Y38_Delta16,X26Y39_Delta16,X26Y40_Delta16,X26Y41_Delta16,X26Y42_Delta16,X26Y43_Delta16,X26Y44_Delta16,X26Y45_Delta16,X26Y46_Delta16,X26Y47_Delta16,X26Y48_Delta16,X26Y49_Delta16,X26Y50_Delta16,X26Y51_Delta16,X27Y0_Delta16,X27Y1_Delta16,X27Y2_Delta16,X27Y3_Delta16,X27Y4_Delta16,X27Y5_Delta16,X27Y6_Delta16,X27Y7_Delta16,X27Y8_Delta16,X27Y9_Delta16,X27Y10_Delta16,X27Y11_Delta16,X27Y12_Delta16,X27Y13_Delta16,X27Y14_Delta16,X27Y15_Delta16,X27Y16_Delta16,X27Y17_Delta16,X27Y18_Delta16,X27Y19_Delta16,X27Y20_Delta16,X27Y21_Delta16,X27Y22_Delta16,X27Y23_Delta16,X27Y24_Delta16,X27Y25_Delta16,X27Y26_Delta16,X27Y27_Delta16,X27Y28_Delta16,X27Y29_Delta16,X27Y30_Delta16,X27Y31_Delta16,X27Y32_Delta16,X27Y33_Delta16,X27Y34_Delta16,X27Y35_Delta16,X27Y36_Delta16,X27Y37_Delta16,X27Y38_Delta16,X27Y39_Delta16,X27Y40_Delta16,X27Y41_Delta16,X27Y42_Delta16,X27Y43_Delta16,X27Y44_Delta16,X27Y45_Delta16,X27Y46_Delta16,X27Y47_Delta16,X27Y48_Delta16,X27Y49_Delta16,X27Y50_Delta16,X27Y51_Delta16,X28Y0_Delta16,X28Y1_Delta16,X28Y2_Delta16,X28Y3_Delta16,X28Y4_Delta16,X28Y5_Delta16,X28Y6_Delta16,X28Y7_Delta16,X28Y8_Delta16,X28Y9_Delta16,X28Y10_Delta16,X28Y11_Delta16,X28Y12_Delta16,X28Y13_Delta16,X28Y14_Delta16,X28Y15_Delta16,X28Y16_Delta16,X28Y17_Delta16,X28Y18_Delta16,X28Y19_Delta16,X28Y20_Delta16,X28Y21_Delta16,X28Y22_Delta16,X28Y23_Delta16,X28Y24_Delta16,X28Y25_Delta16,X28Y26_Delta16,X28Y27_Delta16,X28Y28_Delta16,X28Y29_Delta16,X28Y30_Delta16,X28Y31_Delta16,X28Y32_Delta16,X28Y33_Delta16,X28Y34_Delta16,X28Y35_Delta16,X28Y36_Delta16,X28Y37_Delta16,X28Y38_Delta16,X28Y39_Delta16,X28Y40_Delta16,X28Y41_Delta16,X28Y42_Delta16,X28Y43_Delta16,X28Y44_Delta16,X28Y45_Delta16,X28Y46_Delta16,X28Y47_Delta16,X28Y48_Delta16,X28Y49_Delta16,X28Y50_Delta16,X28Y51_Delta16,X29Y0_Delta16,X29Y1_Delta16,X29Y2_Delta16,X29Y3_Delta16,X29Y4_Delta16,X29Y5_Delta16,X29Y6_Delta16,X29Y7_Delta16,X29Y8_Delta16,X29Y9_Delta16,X29Y10_Delta16,X29Y11_Delta16,X29Y12_Delta16,X29Y13_Delta16,X29Y14_Delta16,X29Y15_Delta16,X29Y16_Delta16,X29Y17_Delta16,X29Y18_Delta16,X29Y19_Delta16,X29Y20_Delta16,X29Y21_Delta16,X29Y22_Delta16,X29Y23_Delta16,X29Y24_Delta16,X29Y25_Delta16,X29Y26_Delta16,X29Y27_Delta16,X29Y28_Delta16,X29Y29_Delta16,X29Y30_Delta16,X29Y31_Delta16,X29Y32_Delta16,X29Y33_Delta16,X29Y34_Delta16,X29Y35_Delta16,X29Y36_Delta16,X29Y37_Delta16,X29Y38_Delta16,X29Y39_Delta16,X29Y40_Delta16,X29Y41_Delta16,X29Y42_Delta16,X29Y43_Delta16,X29Y44_Delta16,X29Y45_Delta16,X29Y46_Delta16,X29Y47_Delta16,X29Y48_Delta16,X29Y49_Delta16,X29Y50_Delta16,X29Y51_Delta16,X30Y0_Delta16,X30Y1_Delta16,X30Y2_Delta16,X30Y3_Delta16,X30Y4_Delta16,X30Y5_Delta16,X30Y6_Delta16,X30Y7_Delta16,X30Y8_Delta16,X30Y9_Delta16,X30Y10_Delta16,X30Y11_Delta16,X30Y12_Delta16,X30Y13_Delta16,X30Y14_Delta16,X30Y15_Delta16,X30Y16_Delta16,X30Y17_Delta16,X30Y18_Delta16,X30Y19_Delta16,X30Y20_Delta16,X30Y21_Delta16,X30Y22_Delta16,X30Y23_Delta16,X30Y24_Delta16,X30Y25_Delta16,X30Y26_Delta16,X30Y27_Delta16,X30Y28_Delta16,X30Y29_Delta16,X30Y30_Delta16,X30Y31_Delta16,X30Y32_Delta16,X30Y33_Delta16,X30Y34_Delta16,X30Y35_Delta16,X30Y36_Delta16,X30Y37_Delta16,X30Y38_Delta16,X30Y39_Delta16,X30Y40_Delta16,X30Y41_Delta16,X30Y42_Delta16,X30Y43_Delta16,X30Y44_Delta16,X30Y45_Delta16,X30Y46_Delta16,X30Y47_Delta16,X30Y48_Delta16,X30Y49_Delta16,X30Y50_Delta16,X30Y51_Delta16,X31Y0_Delta16,X31Y1_Delta16,X31Y2_Delta16,X31Y3_Delta16,X31Y4_Delta16,X31Y5_Delta16,X31Y6_Delta16,X31Y7_Delta16,X31Y8_Delta16,X31Y9_Delta16,X31Y10_Delta16,X31Y11_Delta16,X31Y12_Delta16,X31Y13_Delta16,X31Y14_Delta16,X31Y15_Delta16,X31Y16_Delta16,X31Y17_Delta16,X31Y18_Delta16,X31Y19_Delta16,X31Y20_Delta16,X31Y21_Delta16,X31Y22_Delta16,X31Y23_Delta16,X31Y24_Delta16,X31Y25_Delta16,X31Y26_Delta16,X31Y27_Delta16,X31Y28_Delta16,X31Y29_Delta16,X31Y30_Delta16,X31Y31_Delta16,X31Y32_Delta16,X31Y33_Delta16,X31Y34_Delta16,X31Y35_Delta16,X31Y36_Delta16,X31Y37_Delta16,X31Y38_Delta16,X31Y39_Delta16,X31Y40_Delta16,X31Y41_Delta16,X31Y42_Delta16,X31Y43_Delta16,X31Y44_Delta16,X31Y45_Delta16,X31Y46_Delta16,X31Y47_Delta16,X31Y48_Delta16,X31Y49_Delta16,X31Y50_Delta16,X31Y51_Delta16,
18:08:19.054979,1,2,4,-2,10,8,8,10,10,2,2,0,6,6,4,8,4,4,6,10,14,10,10,10,16,14,10,12,14,2,12,0,8,10,6,8,14,4,0,10,4,4,-2,10,12,18,12,8,6,2,8,6,0,-8,-12,-2,-6,-8,0,-4,-2,-12,-8,4,-8,-2,0,-6,6,0,-6,-8,0,0,-6,8,52,58,12,-10,-16,-14,-8,-2,22,12,-6,0,10,6,4,-2,-6,-2,-4,4,4,12,10,8,-2,2,2,6,0,2,0,-4,-6,2,8,-4,-8,-10,-20,-10,-18,-14,-8,-12,-14,-18,-16,-12,-14,-10,-22,62,56,52,44,-46,-96,-76,-34,50,62,62,-2,-16,-10,-12,-18,-8,-20,-16,-10,-14,16,-36,46,-2,-10,-10,-2,-6,0,-20,-20,-14,-16,16,32,16,-20,-36,-40,-36,-34,-28,-26,-32,-30,-36,-22,-30,-32,-14,50,14,-10,-20,-22,14,-22,-8,28,-12,-6,14,62,2,-12,-14,-18,-12,-20,-16,-12,-14,12,120,272,46,-4,-6,-12,-6,0,-16,-18,-20,30,68,46,54,16,-60,-78,-68,-32,16,20,-28,-42,-28,-26,-28,-26,-2,76,4,-4,-12,-20,-16,10,-2,-8,-12,-6,12,36,48,-6,-14,-10,-8,-22,-20,-10,-102,138,392,382,-64,-6,-10,-14,-20,0,-16,-16,-4,30,-14,-24,-38,-4,-16,-64,-24,34,26,38,66,-18,-22,-28,-30,-22,-6,64,24,4,-18,-18,-20,-6,-12,-8,-14,2,14,48,48,0,-16,-12,-22,-24,-18,-16,2,94,272,254,-64,-22,-14,-22,-16,0,-16,-12,46,22,-10,-16,-20,-24,-2,24,26,0,6,14,38,72,-4,-18,-24,-26,-12,20,38,6,-4,-8,-12,4,-2,0,-2,4,28,84,16,2,-12,-8,-16,-16,-8,-12,40,322,38,-108,0,-6,-16,-10,-16,0,-4,-2,32,48,0,-8,-16,-18,-10,-2,2,4,16,16,34,116,8,-16,-18,-20,-14,-30,72,20,6,0,12,14,6,8,10,18,46,40,2,-8,-8,-8,-14,-10,-8,-12,-10,28,10,-34,-12,-8,-6,-2,-16,0,-10,-8,0,64,8,-4,-16,-18,-12,2,6,8,16,26,48,90,0,-10,-16,-12,-4,-42,20,52,24,4,14,14,14,16,24,40,80,-34,-24,-8,-12,-14,-6,-16,-24,-18,-12,4,2,2,-14,-12,-14,-10,-14,0,-16,-12,-14,40,12,0,-4,-14,-2,0,14,2,18,26,74,4,-10,-16,-16,-22,-22,-68,-60,58,24,2,4,12,8,18,18,70,-4,-58,-36,-16,-22,-12,-14,-14,-24,-12,-24,-8,0,4,-8,4,-4,-4,0,0,-20,-16,-22,-26,62,14,4,2,4,10,14,12,26,54,46,-36,-14,-16,-20,-14,-10,-56,-58,-10,84,30,32,38,36,38,74,34,-38,-52,-24,-14,-8,-18,-22,-20,-16,-12,-2,-12,-10,-2,-14,-10,-12,-8,-8,0,-12,-8,-22,-50,40,34,14,4,14,22,22,26,52,74,-32,-40,-22,-20,-16,-16,-14,-50,-58,-54,14,76,48,50,56,76,52,-34,-48,-54,-22,-18,-16,-18,-10,-10,-12,-16,-14,-10,-10,-10,-10,-8,-14,-12,-10,0,-4,4,-12,-38,-14,82,40,32,24,42,46,64,92,-10,-46,-38,-4,-4,4,0,-2,-20,-34,-30,-22,40,116,96,118,60,-14,-32,-32,-32,-6,4,-4,-8,-2,-4,2,-8,-4,-8,2,-4,-6,-6,-14,-6,-12,0,10,2,-12,-38,-24,32,96,56,60,64,82,106,4,-38,-44,-34,-10,-10,-4,-6,-4,-20,-22,-24,-22,-10,54,104,40,-6,-22,-16,-20,-20,-12,-4,-10,-6,-8,-6,-10,-6,-4,4,4,6,4,4,2,4,2,0,8,-6,-10,-30,-32,-14,66,92,76,100,88,4,-30,-32,-40,-30,-4,-4,4,-6,2,-6,-8,-14,-8,-2,2,14,10,-4,-4,0,-12,-2,-8,-2,-10,-8,-2,-8,-26,-26,-12,8,12,10,-14,-14,-20,-10,-14,0,-8,-4,-18,-28,-24,-28,-10,68,110,54,-4,-16,-32,-32,-32,-26,-8,-12,-8,-8,-8,-14,-16,-10,-20,-16,-8,-6,-12,-4,-16,-6,-4,-10,-26,-20,-2,-16,-36,-48,-56,-46,14,80,90,78,20,0,-6,0,-6,0,-12,-8,-14,-16,-14,-16,-12,4,14,0,-2,-8,-12,-12,-22,-6,14,18,2,-8,-6,-14,-16,-12,-8,-8,-4,2,0,-4,-10,-6,-10,-8,-28,54,64,64,26,-44,-76,-36,32,8,4,26,62,12,-10,-16,-18,0,-10,-6,0,-14,-26,-20,-20,-16,-12,-24,-20,-28,-4,-2,-12,56,92,88,38,-36,-44,-48,-40,-16,6,-12,-24,-4,-12,-8,-8,-4,-16,-8,60,42,14,8,4,32,18,18,-26,-24,-12,2,46,40,-2,-6,-10,0,-12,-8,-10,-14,-20,-18,-18,-22,-20,-20,-18,-30,-28,-18,24,40,0,-10,14,-30,-90,-82,-24,28,44,48,2,-16,-14,-20,-10,-14,-10,12,96,32,6,10,0,4,4,-18,-16,-20,-10,2,54,44,-6,-8,-8,0,-12,-10,2,-16,-8,-16,-18,-16,-24,-18,-20,-34,-20,-4,66,0,-14,-24,-28,-4,4,4,0,-12,-8,2,56,0,-20,-20,-28,-30,-22,6,82,24,14,-2,0,0,-6,-16,-34,-24,-10,0,56,0,-12,-14,-18,0,-6,6,-2,4,-8,-2,-10,-10,-6,-4,-8,-4,-4,16,92,18,2,-4,-8,-8,8,6,8,8,14,26,72,50,4,6,0,2,-6,12,46,62,32,14,20,10,16,-6,-12,-12,6,14,50,-10,-8,-14,-16,0,-18,-14,-12,-20,-14,-22,-26,-22,-24,-30,-22,-20,-20,-10,64,14,-8,-18,-24,-22,-12,-8,-8,-8,6,14,70,22,-8,-14,-14,-20,-16,-18,-34,80,38,26,22,18,8,-4,-6,-2,8,56,-16,-18,-18,-18,-18,0,-20,-12,-10,-18,-8,-16,-18,-18,-12,-20,-14,-20,-12,-18,2,42,6,-10,-8,-8,0,-4,2,4,14,34,76,-4,-2,-8,-12,-20,-16,-20,-44,-4,76,32,20,18,14,4,0,6,18,52,-56,-28,-26,-20,-18,0,-10,-2,-8,-2,-6,-8,-14,-20,-18,-16,-18,-22,-18,-22,-48,66,12,-8,-8,-10,10,6,12,10,22,64,4,-10,-6,-22,-6,-10,-14,-18,-52,-44,20,74,32,32,26,16,12,20,66,-20,-64,-30,-26,-14,-18,0,2,-4,-6,-4,-8,-4,0,-6,-6,2,-2,-6,-4,-12,-52,12,54,24,16,26,22,28,28,38,68,46,-26,-6,-10,-2,-10,-10,-4,-8,-38,-40,-40,48,98,60,58,38,40,72,42,-42,-48,-14,-8,-4,-12,0,-6,-6,-6,-10,-4,2,-2,4,0,-6,-2,0,-4,-8,-54,-50,80,42,20,30,34,34,36,50,78,-32,-36,-4,-12,-4,-6,-12,-4,-12,-34,-46,-44,-28,36,102,70,60,74,70,-24,-44,-44,-16,-10,-10,-18,0,10,-10,-8,-12,-8,-10,-2,-6,-2,-2,-2,-2,-2,-12,-50,-56,-16,90,34,50,46,50,64,92,-10,-38,-46,-16,-8,-10,-4,-6,-8,-8,-28,-26,-38,-32,-24,22,102,114,86,-8,-30,-36,-32,-14,-4,-10,2,-32,2,0,-4,-10,-6,-10,-10,-6,-6,-6,-4,-4,-8,-18,-50,-64,-56,24,104,66,74,94,86,-16,-44,-50,-46,-20,-16,-18,-8,-10,-16,-8,-18,-16,-12,-18,-10,-4,12,56,16,0,-18,-22,-16,-16,-8,-14,-16,-22,14,6,18,12,-2,6,6,6,4,4,10,4,4,10,-24,-30,-28,-10,54,138,130,80,6,-16,-28,-24,-18,0,2,2,2,8,8,8,4,4,2,0,6,10,6,20,14,10,12,8,8,14,4,10,12,-32,8,12,4,2,4,-4,4,-2,-2,0,-2,-2,0,0,-16,-18,-8,-4,6,54,48,6,-14,-12,-20,-16,-10,-4,-12,-6,0,0,-14,-6,-8,-14,-6,-10,-4,-18,-4,-10,-14,-16,-18,-18,-20,-8,-20,-14,-10,-22,14,10,8,-2,-8,-2,-8,-6,-6,-10,-8,-2,-6,-8,-12,-12,-12,-12,-16,2,0,-2,-10,-8,-8,-12,-14,-6,-14,-8,-6,-4,-8,-14,-4,-8,-6,-6,-6,-12,2,6,10,0,6,6,14,12,6,12,18,-26,18,18,10,6,4,-4,4,-4,-2,0,-4,6,4,6,-4,0,-4,-6,-4,4,2,-10,-18,-12,-6,-10,-2,2,-4,4,0,-2,2,8,0,0,0,0,8,4,-2,-2,2,2,6,4,2,6,8,16,16,-56,
